[setting]
outdir_path = outdirs/pp_one_mode_DSPram_APriLogUni/
event_name = pp_one_mode_31
comment = test, for pp plot, one mode, A1 prior LogUniform
mode_number = one_mode

[injection_parameters]
a = 0.05991831088539873
alpha = 0.44914252546877753
f1 = 75.28930043411447
f2 = 398.9377330209034
tau1 = -0.004798307814548881
tau2 = -0.044060873200404374
phi1 = -0.8335764953911102
phi2 = -0.3723961243023224
ra = 0.0
dec = 0.0
psi = 0.0
geocent_time = 0.0

[waveform_arguments]
reference_frequency = 50
minimum_frequency = 20
maximum_frequency = 512

[other_parameters]
duration = 0.5
sampling_frequency = 4096.0
post_trigger_duration = 0.25

[fix_parameters]
fix_list = ["ra", "dec", "psi", "geocent_time"]

