[setting]
outdir_path = outdirs/pp_one_mode_DSPram_APriLogUni/
event_name = pp_one_mode_14
comment = test, for pp plot, one mode, A1 prior LogUniform
mode_number = one_mode

[injection_parameters]
a = 0.01745305900432408
alpha = 0.02042766220503167
f1 = 136.32764884026258
f2 = 210.75332046962276
tau1 = -0.019029550164184256
tau2 = -0.03475724558280856
phi1 = -2.2241934315285716
phi2 = 0.7063244651510918
ra = 0.0
dec = 0.0
psi = 0.0
geocent_time = 0.0

[waveform_arguments]
reference_frequency = 50
minimum_frequency = 20
maximum_frequency = 512

[other_parameters]
duration = 0.5
sampling_frequency = 4096.0
post_trigger_duration = 0.25

[fix_parameters]
fix_list = ["ra", "dec", "psi", "geocent_time"]

