[setting]
outdir_path = outdirs/pp_one_mode_DSPram_APriLogUni/
event_name = pp_one_mode_57
comment = test, for pp plot, one mode, A1 prior LogUniform
mode_number = one_mode

[injection_parameters]
a = 0.7063196355171901
alpha = 0.5443678306068902
f1 = 383.51949326001983
f2 = 490.1054268154858
tau1 = -0.047867214023524354
tau2 = -0.031737547030563834
phi1 = 0.3727597752435434
phi2 = 3.0819621910381976
ra = 0.0
dec = 0.0
psi = 0.0
geocent_time = 0.0

[waveform_arguments]
reference_frequency = 50
minimum_frequency = 20
maximum_frequency = 512

[other_parameters]
duration = 0.5
sampling_frequency = 4096.0
post_trigger_duration = 0.25

[fix_parameters]
fix_list = ["ra", "dec", "psi", "geocent_time"]

