[setting]
outdir_path = outdirs/pp_one_mode_DSPram_APriLogUni/
event_name = pp_one_mode_49
comment = test, for pp plot, one mode, A1 prior LogUniform
mode_number = one_mode

[injection_parameters]
a = 0.37045452964365977
alpha = -0.6057080907321766
f1 = 27.338853619559842
f2 = 441.36764839086925
tau1 = -0.018448976611706816
tau2 = -0.006962765701659102
phi1 = -1.6781519460115564
phi2 = -1.4916252491922635
ra = 0.0
dec = 0.0
psi = 0.0
geocent_time = 0.0

[waveform_arguments]
reference_frequency = 50
minimum_frequency = 20
maximum_frequency = 512

[other_parameters]
duration = 0.5
sampling_frequency = 4096.0
post_trigger_duration = 0.25

[fix_parameters]
fix_list = ["ra", "dec", "psi", "geocent_time"]

