[setting]
outdir_path = outdirs/pp_one_mode_DSPram_APriLogUni/
event_name = pp_one_mode_86
comment = test, for pp plot, one mode, A1 prior LogUniform
mode_number = one_mode

[injection_parameters]
a = 0.126616105362393
alpha = 0.5451149758633229
f1 = 418.1981138898203
f2 = 166.3624537010985
tau1 = -0.038582965516155955
tau2 = -0.0033146945037785883
phi1 = 1.1397041282964135
phi2 = 1.8200471756979901
ra = 0.0
dec = 0.0
psi = 0.0
geocent_time = 0.0

[waveform_arguments]
reference_frequency = 50
minimum_frequency = 20
maximum_frequency = 512

[other_parameters]
duration = 0.5
sampling_frequency = 4096.0
post_trigger_duration = 0.25

[fix_parameters]
fix_list = ["ra", "dec", "psi", "geocent_time"]

