[setting]
outdir_path = outdirs/pp_one_mode_DSPram_APriUni/
event_name = pp_one_mode_DSPram_APriUni_94
comment = test, for pp plot, one mode, A1 prior Uniform
mode_number = one_mode

[injection_parameters]
a = 2.4741643028552756
alpha = -0.6127813634176222
f1 = 433.7952252507954
f2 = 349.489038405406
tau1 = -0.009748864289136683
tau2 = -0.008463485503755572
phi1 = -0.25241499960314684
phi2 = -0.32436730754026133
ra = 0.0
dec = 0.0
psi = 0.0
geocent_time = 0.0

[waveform_arguments]
reference_frequency = 50
minimum_frequency = 20
maximum_frequency = 512

[other_parameters]
duration = 0.5
sampling_frequency = 4096.0
post_trigger_duration = 0.25

[fix_parameters]
fix_list = ["ra", "dec", "psi", "geocent_time"]

