[setting]
outdir_path = outdirs/pp_one_mode_DSPram_APriUni/
event_name = pp_one_mode_DSPram_APriUni_84
comment = test, for pp plot, one mode, A1 prior Uniform
mode_number = one_mode

[injection_parameters]
a = 2.4084618660786288
alpha = 0.19715684894105068
f1 = 336.81768839658173
f2 = 216.19012056429648
tau1 = -0.04022689659101729
tau2 = -0.041804972484767694
phi1 = -0.9569939073974929
phi2 = 0.035153895417106895
ra = 0.0
dec = 0.0
psi = 0.0
geocent_time = 0.0

[waveform_arguments]
reference_frequency = 50
minimum_frequency = 20
maximum_frequency = 512

[other_parameters]
duration = 0.5
sampling_frequency = 4096.0
post_trigger_duration = 0.25

[fix_parameters]
fix_list = ["ra", "dec", "psi", "geocent_time"]

