[setting]
outdir_path = outdirs/pp_one_mode_DSPram_APriUni/
event_name = pp_one_mode_DSPram_APriUni_99
comment = test, for pp plot, one mode, A1 prior Uniform
mode_number = one_mode

[injection_parameters]
a = 3.1547237262756216
alpha = 0.6459288923548185
f1 = 72.20364295059612
f2 = 437.64385642380165
tau1 = -0.027960867302410788
tau2 = -0.015409579538385822
phi1 = -0.3687410553438557
phi2 = -0.330079575677797
ra = 0.0
dec = 0.0
psi = 0.0
geocent_time = 0.0

[waveform_arguments]
reference_frequency = 50
minimum_frequency = 20
maximum_frequency = 512

[other_parameters]
duration = 0.5
sampling_frequency = 4096.0
post_trigger_duration = 0.25

[fix_parameters]
fix_list = ["ra", "dec", "psi", "geocent_time"]

