[setting]
outdir_path = outdirs/pp_one_mode_DSPram_APriUni/
event_name = pp_one_mode_DSPram_APriUni_16
comment = test, for pp plot, one mode, A1 prior Uniform
mode_number = one_mode

[injection_parameters]
a = 0.5647584124112653
alpha = -0.9309851571726773
f1 = 494.8488690546577
f2 = 467.55388705166723
tau1 = -0.0010857671877213954
tau2 = -0.032397483091018656
phi1 = -0.9851074188776989
phi2 = -2.502569013092076
ra = 0.0
dec = 0.0
psi = 0.0
geocent_time = 0.0

[waveform_arguments]
reference_frequency = 50
minimum_frequency = 20
maximum_frequency = 512

[other_parameters]
duration = 0.5
sampling_frequency = 4096.0
post_trigger_duration = 0.25

[fix_parameters]
fix_list = ["ra", "dec", "psi", "geocent_time"]

