[setting]
outdir_path = outdirs/pp_one_mode_DSPram_APriUni/
event_name = pp_one_mode_DSPram_APriUni_91
comment = test, for pp plot, one mode, A1 prior Uniform
mode_number = one_mode

[injection_parameters]
a = 0.035389592857795193
alpha = -0.5898084532836654
f1 = 56.6081993141791
f2 = 137.28014620375814
tau1 = -0.009571379312554085
tau2 = -0.04971513800541086
phi1 = -0.9156521042600638
phi2 = -2.637304047068588
ra = 0.0
dec = 0.0
psi = 0.0
geocent_time = 0.0

[waveform_arguments]
reference_frequency = 50
minimum_frequency = 20
maximum_frequency = 512

[other_parameters]
duration = 0.5
sampling_frequency = 4096.0
post_trigger_duration = 0.25

[fix_parameters]
fix_list = ["ra", "dec", "psi", "geocent_time"]

