[setting]
outdir_path = outdirs/pp_two_mode_generated_by_OTparam/
event_name = pp_two_mode_generated_by_OTparam_98
comment = two damped sinusoids for pp plot, generated by OTparam
mode_number = two_mode
analysis_mode_number = analysis_two_mode

[injection_parameters]
a = 0.6574716953917875
alpha = -0.7784545538780638
f1 = 116.29065790829948
f2 = 461.4611572272974
tau1 = -0.030977693568541326
tau2 = -0.03828018957337278
phi1 = 0.07511807972646256
phi2 = -2.511359368750472
ra = 0.0
dec = 0.0
psi = 0.0
geocent_time = 0.0

[waveform_arguments]
reference_frequency = 50
minimum_frequency = 20
maximum_frequency = 512

[other_parameters]
duration = 0.5
sampling_frequency = 4096.0
post_trigger_duration = 0.25

[fix_parameters]
fix_list = ["ra", "dec", "psi", "geocent_time"]

