[setting]
outdir_path = outdirs/pp_two_mode_generated_by_OTparam/
event_name = pp_two_mode_generated_by_OTparam_1
comment = two damped sinusoids for pp plot, generated by OTparam
mode_number = two_mode
analysis_mode_number = analysis_two_mode

[injection_parameters]
a = 0.08290308727958895
alpha = -0.9151217648506915
f1 = 28.074030322519246
f2 = 204.10109479324672
tau1 = -0.0032072195075025234
tau2 = -0.02971209218597749
phi1 = -0.5847195437529953
phi2 = 2.72331565609539
ra = 0.0
dec = 0.0
psi = 0.0
geocent_time = 0.0

[waveform_arguments]
reference_frequency = 50
minimum_frequency = 20
maximum_frequency = 512

[other_parameters]
duration = 0.5
sampling_frequency = 4096.0
post_trigger_duration = 0.25

[fix_parameters]
fix_list = ["ra", "dec", "psi", "geocent_time"]

