[setting]
outdir_path = outdirs/pp_two_mode_generated_by_OTparam/
event_name = pp_two_mode_generated_by_OTparam_12
comment = two damped sinusoids for pp plot, generated by OTparam
mode_number = two_mode
analysis_mode_number = analysis_two_mode

[injection_parameters]
a = 0.033029514126581616
alpha = -0.2109434026028676
f1 = 344.8208383648487
f2 = 87.1648650740099
tau1 = -0.020834853394979803
tau2 = -0.011149432678229251
phi1 = 2.2298944297522523
phi2 = -0.7553234485652855
ra = 0.0
dec = 0.0
psi = 0.0
geocent_time = 0.0

[waveform_arguments]
reference_frequency = 50
minimum_frequency = 20
maximum_frequency = 512

[other_parameters]
duration = 0.5
sampling_frequency = 4096.0
post_trigger_duration = 0.25

[fix_parameters]
fix_list = ["ra", "dec", "psi", "geocent_time"]

