[setting]
outdir_path = outdirs/pp_two_mode_generated_by_OTparam/
event_name = pp_two_mode_generated_by_OTparam_59
comment = two damped sinusoids for pp plot, generated by OTparam
mode_number = two_mode
analysis_mode_number = analysis_two_mode

[injection_parameters]
a = 0.6962527333383018
alpha = -0.6607418689310007
f1 = 333.22049665709903
f2 = 498.53713369991567
tau1 = -0.03093935285909562
tau2 = -0.01191186194486702
phi1 = -0.7542652780260237
phi2 = 0.9025641628922614
ra = 0.0
dec = 0.0
psi = 0.0
geocent_time = 0.0

[waveform_arguments]
reference_frequency = 50
minimum_frequency = 20
maximum_frequency = 512

[other_parameters]
duration = 0.5
sampling_frequency = 4096.0
post_trigger_duration = 0.25

[fix_parameters]
fix_list = ["ra", "dec", "psi", "geocent_time"]

