[setting]
outdir_path = outdirs/pp_two_mode_generated_by_OTparam/
event_name = pp_two_mode_generated_by_OTparam_48
comment = two damped sinusoids for pp plot, generated by OTparam
mode_number = two_mode
analysis_mode_number = analysis_two_mode

[injection_parameters]
a = 0.513752062497329
alpha = -0.6525054293639853
f1 = 124.70078842348501
f2 = 446.17696008797134
tau1 = -0.024051556382475355
tau2 = -0.015636205544602093
phi1 = -1.6368847782182763
phi2 = 1.9036604121848892
ra = 0.0
dec = 0.0
psi = 0.0
geocent_time = 0.0

[waveform_arguments]
reference_frequency = 50
minimum_frequency = 20
maximum_frequency = 512

[other_parameters]
duration = 0.5
sampling_frequency = 4096.0
post_trigger_duration = 0.25

[fix_parameters]
fix_list = ["ra", "dec", "psi", "geocent_time"]

