[setting]
outdir_path = outdirs/pp_two_mode_generated_by_DSPram/
event_name = pp_two_mode_generated_by_DSPram_92
comment = two damped sinusoids for pp plot, generated by DSPrams
mode_number = two_mode
analysis_mode_number = analysis_two_mode

[injection_parameters]
a1 = 92.05606237230626
a2 = 67.02566415005691
f1 = 65.50868228334505
f2 = 291.4847501804693
tau1 = -0.01216322698804527
tau2 = -0.047408901582835804
phi1 = -0.23638562485944714
phi2 = -1.690555269668396
ra = 0.0
dec = 0.0
psi = 0.0
geocent_time = 0.0

[waveform_arguments]
reference_frequency = 50
minimum_frequency = 20
maximum_frequency = 512

[other_parameters]
duration = 0.5
sampling_frequency = 4096.0
post_trigger_duration = 0.25

[fix_parameters]
fix_list = ["ra", "dec", "psi", "geocent_time"]

