[setting]
outdir_path = outdirs/pp_two_mode_generated_by_DSPram/
event_name = pp_two_mode_generated_by_DSPram_41
comment = two damped sinusoids for pp plot, generated by DSPrams
mode_number = two_mode
analysis_mode_number = analysis_two_mode

[injection_parameters]
a1 = 47.34966273488915
a2 = 31.59942558652611
f1 = 317.05925006663045
f2 = 193.2350240168486
tau1 = -0.012420194699136453
tau2 = -0.042505687793060326
phi1 = -1.9995912612451594
phi2 = 1.796946034556166
ra = 0.0
dec = 0.0
psi = 0.0
geocent_time = 0.0

[waveform_arguments]
reference_frequency = 50
minimum_frequency = 20
maximum_frequency = 512

[other_parameters]
duration = 0.5
sampling_frequency = 4096.0
post_trigger_duration = 0.25

[fix_parameters]
fix_list = ["ra", "dec", "psi", "geocent_time"]

