[setting]
outdir_path = outdirs/pp_two_mode_generated_by_DSPram/
event_name = pp_two_mode_generated_by_DSPram_68
comment = two damped sinusoids for pp plot, generated by DSPrams
mode_number = two_mode
analysis_mode_number = analysis_two_mode

[injection_parameters]
a1 = 41.5485821686267
a2 = 15.661722273571044
f1 = 78.34438485031286
f2 = 159.86604458410292
tau1 = -0.03875972147450196
tau2 = -0.023964767737791326
phi1 = 0.2792913851810792
phi2 = 2.7185083711935354
ra = 0.0
dec = 0.0
psi = 0.0
geocent_time = 0.0

[waveform_arguments]
reference_frequency = 50
minimum_frequency = 20
maximum_frequency = 512

[other_parameters]
duration = 0.5
sampling_frequency = 4096.0
post_trigger_duration = 0.25

[fix_parameters]
fix_list = ["ra", "dec", "psi", "geocent_time"]

