[setting]
outdir_path = outdirs/pp_two_mode_generated_by_DSPram/
event_name = pp_two_mode_generated_by_DSPram_27
comment = two damped sinusoids for pp plot, generated by DSPrams
mode_number = two_mode
analysis_mode_number = analysis_two_mode

[injection_parameters]
a1 = 41.21314982452048
a2 = 20.679550511772305
f1 = 59.56101367839409
f2 = 31.779867494329572
tau1 = -0.032169147763777085
tau2 = -0.0464586463469364
phi1 = -0.12317571365808844
phi2 = -0.4222952117193888
ra = 0.0
dec = 0.0
psi = 0.0
geocent_time = 0.0

[waveform_arguments]
reference_frequency = 50
minimum_frequency = 20
maximum_frequency = 512

[other_parameters]
duration = 0.5
sampling_frequency = 4096.0
post_trigger_duration = 0.25

[fix_parameters]
fix_list = ["ra", "dec", "psi", "geocent_time"]

