[setting]
outdir_path = outdirs/pp_two_mode_generated_by_DSPram/
event_name = pp_two_mode_generated_by_DSPram_14
comment = two damped sinusoids for pp plot, generated by DSPrams
mode_number = two_mode
analysis_mode_number = analysis_two_mode

[injection_parameters]
a1 = 91.03204963372077
a2 = 88.8068034723372
f1 = 120.54202288171257
f2 = 176.30635320238932
tau1 = -0.0025459160241848647
tau2 = -0.002317470417798853
phi1 = 0.726913574866952
phi2 = 1.7762702843434388
ra = 0.0
dec = 0.0
psi = 0.0
geocent_time = 0.0

[waveform_arguments]
reference_frequency = 50
minimum_frequency = 20
maximum_frequency = 512

[other_parameters]
duration = 0.5
sampling_frequency = 4096.0
post_trigger_duration = 0.25

[fix_parameters]
fix_list = ["ra", "dec", "psi", "geocent_time"]

