[input]

run-type=full
pesummary=0
output=./outdirs/outdir_pyring_shiftIm_to_220_dw0.001w1_snr100_DSparam
template=Damped-sinusoids
injection-approximant=Damped-sinusoids
n-ds-modes={"s": 0, "v": 0, "t": 2}
inject-n-ds-modes={"s": 0, "v": 0, "t": 2}
trigtime=0.0
noise-chunksize=1.0
signal-chunksize=1.0
gaussian-noise=coloured-FD
gaussian-noise-seed=1
sky-frame=equatorial
zero-noise=0
psd-H1=/home/hayato.imafuku/research/ringdown/asd_files/aLIGO_O4_high_psd.txt
psd-L1=/home/hayato.imafuku/research/ringdown/asd_files/aLIGO_O4_high_psd.txt
psd-V1=/home/hayato.imafuku/research/ringdown/asd_files/AdV_psd.txt

f-min-bp=20.5

ds-ordering=tau

[Sampler settings]

nlive=2048
poolsize=100
maxmcmc=2048
nthreads=64
verbose=2

[Priors]
ds-amp-flat-prior = 1

fix-t=0.0
fix-ra=0.0
fix-dec=0.0
fix-psi=0.0

logA_t_0-min = -30
logA_t_0-max = -17

logA_t_1-min = -30
logA_t_1-max = -17

f_t_0-min = 20.0
f_t_0-max = 500.0

f_t_1-min = 20.0
f_t_1-max = 500.0

tau_t_0-min = 0.0005
tau_t_0-max = 0.05

tau_t_1-min = 0.0005
tau_t_1-max = 0.05

phi_t_0-min = -3.141592653589793
phi_t_0-max = 3.141592653589793

phi_t_1-min = -3.141592653589793
phi_t_1-max = 3.141592653589793

[Injection]
A_t_0 = 2.2004161451788735e-18
A_t_1 = 2.2004163075088714e-18
f_t_0 = 201.23779332666524
f_t_1 = 201.23779332666524
tau_t_0 = 0.0033219623034593474
tau_t_1 = 0.003307680617518516
phi_t_0 = 1.5707963267948966
phi_t_1 = -1.5711804424117986
psi = 0.0
ra = 0.0
dec = 0.0
t_t_0 = 0.0
t_t_1 = 0.0

[Plot]