[input]

run-type=full
pesummary=0
output=./outdirs/outdir_pyring_shiftIm_to_220_dw0.001w1_snr100_OTparam_real_amp
template=toy_model_of_two_QNMs_real_amp
injection-approximant=toy_model_of_two_QNMs_real_amp
n-ds-modes={"s": 0, "v": 0, "t": 2}
inject-n-ds-modes={"s": 0, "v": 0, "t": 2}
trigtime=0.0
noise-chunksize=1.0
signal-chunksize=1.0
gaussian-noise=coloured-FD
gaussian-noise-seed=1
sky-frame=equatorial
zero-noise=0
psd-H1=/home/hayato.imafuku/research/ringdown/asd_files/aLIGO_O4_high_psd.txt
psd-L1=/home/hayato.imafuku/research/ringdown/asd_files/aLIGO_O4_high_psd.txt
psd-V1=/home/hayato.imafuku/research/ringdown/asd_files/AdV_psd.txt

f-min-bp=20.5

ds-ordering=tau

[Sampler settings]

nlive=2048
poolsize=100
maxmcmc=1024
nthreads=64
verbose=2

[Priors]
ds-amp-flat-prior = 1

fix-t=0.0
fix-ra=0.0
fix-dec=0.0
fix-psi=0.0

logA-min = -30
logA-max = -17

f1-min = 20.0
f1-max = 500.0

f2-min = 20.0
f2-max = 500.0

tau1-min = 0.0005
tau1-max = 0.05

tau2-min = 0.0005
tau2-max = 0.05

phi1-min = -3.141592653589793
phi1-max = 3.141592653589793

phi2-min = -3.141592653589793
phi2-max = 3.141592653589793

[Injection]
A = 2.82e-18
alpha = 0.00029552945685847607
f1 = 201.23779332666524
f2 = 201.23779332666524
tau1 = 0.0033219623034593474
tau2 = 0.003307680617518516
phi1 = -1.5707963267948966
phi2 = 1.5711804424117986
psi = 0.0
ra = 0.0
dec = 0.0
t = 0.0

[Plot]