[input]

run-type=full
pesummary=0
output=./outdirs/outdir_pyring_220_221_snr100_DSparam
template=Damped-sinusoids
injection-approximant=Damped-sinusoids
n-ds-modes={"s": 0, "v": 0, "t": 2}
inject-n-ds-modes={"s": 0, "v": 0, "t": 2}
trigtime=0.0
noise-chunksize=1.0
signal-chunksize=1.0
gaussian-noise=coloured-FD
gaussian-noise-seed=1
sky-frame=equatorial
zero-noise=0
psd-H1=/home/hayato.imafuku/research/ringdown/asd_files/aLIGO_O4_high_psd.txt
psd-L1=/home/hayato.imafuku/research/ringdown/asd_files/aLIGO_O4_high_psd.txt
psd-V1=/home/hayato.imafuku/research/ringdown/asd_files/AdV_psd.txt

f-min-bp=20.5

ds-ordering=tau

[Sampler settings]

nlive=2048
poolsize=100
maxmcmc=2048
nthreads=64
verbose=2

[Priors]
ds-amp-flat-prior = 1

fix-t=0.0
fix-ra=0.0
fix-dec=0.0
fix-psi=0.0

A_t_0-min = 0
A_t_0-max = 1e-17

A_t_1-min = 0
A_t_1-max = 1e-17

f_t_0-min = 21.0
f_t_0-max = 500.0

f_t_1-min = 21.0
f_t_1-max = 500.0

tau_t_0-min = 0.0005
tau_t_0-max = 0.05

tau_t_1-min = 0.0005
tau_t_1-max = 0.05

phi_t_0-min = -3.141592653589793
phi_t_0-max = 3.141592653589793

phi_t_1-min = -3.141592653589793
phi_t_1-max = 3.141592653589793

[Injection]
A_t_0 = 1.1779600567210302e-20
A_t_1 = 1.2291807141543995e-20
f_t_0 = 201.23779332666524
f_t_1 = 186.71833955543468
tau_t_0 = 0.0033219623034593474
tau_t_1 = 0.0010789093582260047
phi_t_0 = 1.4260451441507016
phi_t_1 = -1.8937345400972498
psi = 0.0
ra = 0.0
dec = 0.0
t_t_0 = 0.0
t_t_1 = 0.0

[Plot]