[setting]
outdir_path = outdirs/pp_one_mode_damp_analysis_APriLogUni/
event_name = pp_one_mode_32
comment = test, for pp plot, one mode, A1 prior LogUniform
mode_number = one_mode

[injection_parameters]
a = 0.021576776523885406
alpha = -0.24003579056643543
f1 = 59.89341492038374
f2 = 250.1150892356065
tau1 = -0.02074027125172775
tau2 = -0.037603828083841134
phi1 = -0.9388033592901897
phi2 = 2.7511619181324
ra = 0.0
dec = 0.0
psi = 0.0
geocent_time = 0.0

[waveform_arguments]
reference_frequency = 50
minimum_frequency = 20
maximum_frequency = 512

[other_parameters]
duration = 0.5
sampling_frequency = 4096.0
post_trigger_duration = 0.25

[fix_parameters]
fix_list = ["ra", "dec", "psi", "geocent_time"]

