[setting]
outdir_path = outdirs/pp_one_mode_damp_analysis_APriLogUni/
event_name = pp_one_mode_39
comment = test, for pp plot, one mode, A1 prior LogUniform
mode_number = one_mode

[injection_parameters]
a = 0.026757123642759117
alpha = -0.8629759932742986
f1 = 142.47249086903827
f2 = 76.16736281332116
tau1 = -0.01788327803554026
tau2 = -0.0068246243433260564
phi1 = -2.4694148634376316
phi2 = 1.2940223155023318
ra = 0.0
dec = 0.0
psi = 0.0
geocent_time = 0.0

[waveform_arguments]
reference_frequency = 50
minimum_frequency = 20
maximum_frequency = 512

[other_parameters]
duration = 0.5
sampling_frequency = 4096.0
post_trigger_duration = 0.25

[fix_parameters]
fix_list = ["ra", "dec", "psi", "geocent_time"]

