[setting]
outdir_path = outdirs/pp_one_mode_damp_analysis_APriLogUni/
event_name = pp_one_mode_62
comment = test, for pp plot, one mode, A1 prior LogUniform
mode_number = one_mode

[injection_parameters]
a = 0.8898121896437597
alpha = 0.2392277912432661
f1 = 402.14480473578277
f2 = 255.2189424767783
tau1 = -0.012303211049268646
tau2 = -0.04371119140380697
phi1 = 2.0837593936122785
phi2 = -0.32784793289888725
ra = 0.0
dec = 0.0
psi = 0.0
geocent_time = 0.0

[waveform_arguments]
reference_frequency = 50
minimum_frequency = 20
maximum_frequency = 512

[other_parameters]
duration = 0.5
sampling_frequency = 4096.0
post_trigger_duration = 0.25

[fix_parameters]
fix_list = ["ra", "dec", "psi", "geocent_time"]

