[setting]
outdir_path = outdirs/pp_one_mode_damp_analysis_APriLogUni/
event_name = pp_one_mode_0
comment = test, for pp plot, one mode, A1 prior LogUniform
mode_number = one_mode

[injection_parameters]
a = 43.783095324263506
alpha = -0.6634867669348292
f1 = 301.94371915647565
f2 = 121.55953460431977
tau1 = -0.007306191649673423
tau2 = -0.018145536507405975
phi1 = -3.0468957878528404
phi2 = 1.767042932744281
ra = 0.0
dec = 0.0
psi = 0.0
geocent_time = 0.0

[waveform_arguments]
reference_frequency = 50
minimum_frequency = 20
maximum_frequency = 512

[other_parameters]
duration = 0.5
sampling_frequency = 4096.0
post_trigger_duration = 0.25

[fix_parameters]
fix_list = ["ra", "dec", "psi", "geocent_time"]

