[setting]
outdir_path = outdirs/pp_one_mode_damp_analysis_APriLogUni/
event_name = pp_one_mode_41
comment = test, for pp plot, one mode, A1 prior LogUniform
mode_number = one_mode

[injection_parameters]
a = 16.07780646347037
alpha = -0.6660361749166985
f1 = 399.8809946906562
f2 = 287.10414341419164
tau1 = -0.003830800710047301
tau2 = -0.048390538158598145
phi1 = 0.4139858969239496
phi2 = 1.3908193323567497
ra = 0.0
dec = 0.0
psi = 0.0
geocent_time = 0.0

[waveform_arguments]
reference_frequency = 50
minimum_frequency = 20
maximum_frequency = 512

[other_parameters]
duration = 0.5
sampling_frequency = 4096.0
post_trigger_duration = 0.25

[fix_parameters]
fix_list = ["ra", "dec", "psi", "geocent_time"]

