[setting]
event_name = pp_one_mode_77
comment = test, parameters are set to be like GR 220
mode_number = one_mode

[injection_parameters]
a1 = 4.749031202344506
alpha = 0.48178891446738614
f1 = 495.2544410349855
f2 = 283.92266749148655
tau1 = -0.018822149320138305
tau2 = -0.007472844283387257
phi1 = 1.4869866006156292
phi2 = 3.0332606026322555
ra = 0.0
dec = 0.0
psi = 0.0
geocent_time = 0.0

[waveform_arguments]
reference_frequency = 50
minimum_frequency = 20
maximum_frequency = 512

[other_parameters]
duration = 0.5
sampling_frequency = 4096.0
post_trigger_duration = 0.25

[fix_parameters]
fix_list = ["ra", "dec", "psi", "geocent_time"]

