[setting]
event_name = pp_one_mode_28
comment = test, parameters are set to be like GR 220
mode_number = one_mode

[injection_parameters]
a1 = 0.02309505597584509
alpha = -0.7393459704242575
f1 = 451.8120646276871
f2 = 161.77788164466972
tau1 = -0.029728141661852038
tau2 = -0.0194702423284699
phi1 = -0.4222829814853988
phi2 = 0.6431583769664964
ra = 0.0
dec = 0.0
psi = 0.0
geocent_time = 0.0

[waveform_arguments]
reference_frequency = 50
minimum_frequency = 20
maximum_frequency = 512

[other_parameters]
duration = 0.5
sampling_frequency = 4096.0
post_trigger_duration = 0.25

[fix_parameters]
fix_list = ["ra", "dec", "psi", "geocent_time"]

