[setting]
event_name = pp_one_mode_31
comment = test, parameters are set to be like GR 220
mode_number = one_mode

[injection_parameters]
a1 = 2.2205049213431782
alpha = 0.8479828516617332
f1 = 498.85549259852905
f2 = 267.7931637381357
tau1 = -0.02550073906548103
tau2 = -0.013192125509548756
phi1 = 0.5672254506652088
phi2 = -2.580180052309375
ra = 0.0
dec = 0.0
psi = 0.0
geocent_time = 0.0

[waveform_arguments]
reference_frequency = 50
minimum_frequency = 20
maximum_frequency = 512

[other_parameters]
duration = 0.5
sampling_frequency = 4096.0
post_trigger_duration = 0.25

[fix_parameters]
fix_list = ["ra", "dec", "psi", "geocent_time"]

