[setting]
event_name = pp_one_mode_39
comment = test, parameters are set to be like GR 220
mode_number = one_mode

[injection_parameters]
a1 = 3.8229406479896326
alpha = 0.09061972050304812
f1 = 453.7833166885891
f2 = 164.5479858999027
tau1 = -0.027816775770007955
tau2 = -0.03197350942205865
phi1 = -0.193086436870197
phi2 = -2.192086683404152
ra = 0.0
dec = 0.0
psi = 0.0
geocent_time = 0.0

[waveform_arguments]
reference_frequency = 50
minimum_frequency = 20
maximum_frequency = 512

[other_parameters]
duration = 0.5
sampling_frequency = 4096.0
post_trigger_duration = 0.25

[fix_parameters]
fix_list = ["ra", "dec", "psi", "geocent_time"]

