[setting]
event_name = pp_one_mode_0
comment = test, parameters are set to be like GR 220
mode_number = one_mode

[injection_parameters]
a1 = 0.010764308812941019
alpha = 0.15904682324229658
f1 = 33.61012148512554
f2 = 300.2316253101195
tau1 = -0.022978153518703574
tau2 = -0.01064277533135416
phi1 = -1.7202815769522846
phi2 = 0.0989325172137474
ra = 0.0
dec = 0.0
psi = 0.0
geocent_time = 0.0

[waveform_arguments]
reference_frequency = 50
minimum_frequency = 20
maximum_frequency = 512

[other_parameters]
duration = 0.5
sampling_frequency = 4096.0
post_trigger_duration = 0.25

[fix_parameters]
fix_list = ["ra", "dec", "psi", "geocent_time"]

