[setting]
event_name = pp_one_mode_30
comment = test, parameters are set to be like GR 220
mode_number = one_mode

[injection_parameters]
a1 = 1.7624847114612245
alpha = -0.10799667675593283
f1 = 468.7858423468849
f2 = 403.9451581383714
tau1 = -0.023762920093877902
tau2 = -0.002749074981555223
phi1 = 2.132228478536234
phi2 = 1.5138293952102213
ra = 0.0
dec = 0.0
psi = 0.0
geocent_time = 0.0

[waveform_arguments]
reference_frequency = 50
minimum_frequency = 20
maximum_frequency = 512

[other_parameters]
duration = 0.5
sampling_frequency = 4096.0
post_trigger_duration = 0.25

[fix_parameters]
fix_list = ["ra", "dec", "psi", "geocent_time"]

