[setting]
event_name = pp_one_mode_68
comment = test, parameters are set to be like GR 220
mode_number = one_mode

[injection_parameters]
a1 = 0.1300873863785684
alpha = -0.724921239950646
f1 = 296.6559596285625
f2 = 236.07306230308274
tau1 = -0.011377081454042953
tau2 = -0.0331888442133622
phi1 = 1.5591302758213992
phi2 = -0.12246215504270319
ra = 0.0
dec = 0.0
psi = 0.0
geocent_time = 0.0

[waveform_arguments]
reference_frequency = 50
minimum_frequency = 20
maximum_frequency = 512

[other_parameters]
duration = 0.5
sampling_frequency = 4096.0
post_trigger_duration = 0.25

[fix_parameters]
fix_list = ["ra", "dec", "psi", "geocent_time"]

