[setting]
event_name = pp_one_mode_60
comment = test, parameters are set to be like GR 220
mode_number = one_mode

[injection_parameters]
a1 = 0.968791359922556
alpha = -0.25062961073594137
f1 = 46.87469805468838
f2 = 171.62450995047666
tau1 = -0.006773348786292488
tau2 = -0.0074508270094337525
phi1 = -0.827784808188937
phi2 = -0.8595033048670717
ra = 0.0
dec = 0.0
psi = 0.0
geocent_time = 0.0

[waveform_arguments]
reference_frequency = 50
minimum_frequency = 20
maximum_frequency = 512

[other_parameters]
duration = 0.5
sampling_frequency = 4096.0
post_trigger_duration = 0.25

[fix_parameters]
fix_list = ["ra", "dec", "psi", "geocent_time"]

