[setting]
event_name = pp_one_mode_13
comment = test, parameters are set to be like GR 220
mode_number = one_mode

[injection_parameters]
a1 = 17.944399695555635
alpha = -0.20464806556930992
f1 = 386.58873574043463
f2 = 91.94547145108884
tau1 = -0.003533583958346742
tau2 = -0.026322539750138953
phi1 = 2.5956199513554354
phi2 = -2.609653892340882
ra = 0.0
dec = 0.0
psi = 0.0
geocent_time = 0.0

[waveform_arguments]
reference_frequency = 50
minimum_frequency = 20
maximum_frequency = 512

[other_parameters]
duration = 0.5
sampling_frequency = 4096.0
post_trigger_duration = 0.25

[fix_parameters]
fix_list = ["ra", "dec", "psi", "geocent_time"]

