[setting]
event_name = pp_one_mode_89
comment = test, parameters are set to be like GR 220
mode_number = one_mode

[injection_parameters]
a1 = 3.6083273300350927
alpha = -0.17747798057608666
f1 = 116.89947339257898
f2 = 411.5771512787112
tau1 = -0.0064819868632903024
tau2 = -0.031245039958716737
phi1 = 1.13072641335338
phi2 = 2.0453807352620546
ra = 0.0
dec = 0.0
psi = 0.0
geocent_time = 0.0

[waveform_arguments]
reference_frequency = 50
minimum_frequency = 20
maximum_frequency = 512

[other_parameters]
duration = 0.5
sampling_frequency = 4096.0
post_trigger_duration = 0.25

[fix_parameters]
fix_list = ["ra", "dec", "psi", "geocent_time"]

