[setting]
event_name = pp_one_mode_91
comment = test, parameters are set to be like GR 220
mode_number = one_mode

[injection_parameters]
a1 = 0.2669914509389732
alpha = -0.10737479841389352
f1 = 398.22839403714465
f2 = 85.64107181872973
tau1 = -0.010988622856254716
tau2 = -0.045338551365466884
phi1 = 1.0677069337380525
phi2 = 1.9939834747456633
ra = 0.0
dec = 0.0
psi = 0.0
geocent_time = 0.0

[waveform_arguments]
reference_frequency = 50
minimum_frequency = 20
maximum_frequency = 512

[other_parameters]
duration = 0.5
sampling_frequency = 4096.0
post_trigger_duration = 0.25

[fix_parameters]
fix_list = ["ra", "dec", "psi", "geocent_time"]

