[setting]
event_name = pp_one_mode_69
comment = test, parameters are set to be like GR 220
mode_number = one_mode

[injection_parameters]
a1 = 3.188767717616269
alpha = 0.9661307178741665
f1 = 367.9915777158884
f2 = 92.91054062749669
tau1 = -0.0011523934339714298
tau2 = -0.04074098924957925
phi1 = 1.7575501987633722
phi2 = -0.35711640365091
ra = 0.0
dec = 0.0
psi = 0.0
geocent_time = 0.0

[waveform_arguments]
reference_frequency = 50
minimum_frequency = 20
maximum_frequency = 512

[other_parameters]
duration = 0.5
sampling_frequency = 4096.0
post_trigger_duration = 0.25

[fix_parameters]
fix_list = ["ra", "dec", "psi", "geocent_time"]

