[setting]
event_name = pp_one_mode_43
comment = test, parameters are set to be like GR 220
mode_number = one_mode

[injection_parameters]
a1 = 0.14852587577178433
alpha = 0.40352135193110295
f1 = 260.7720176431371
f2 = 150.99229465132368
tau1 = -0.013893138503967652
tau2 = -0.005923106631299198
phi1 = -1.1873849444144646
phi2 = -2.2712941807303557
ra = 0.0
dec = 0.0
psi = 0.0
geocent_time = 0.0

[waveform_arguments]
reference_frequency = 50
minimum_frequency = 20
maximum_frequency = 512

[other_parameters]
duration = 0.5
sampling_frequency = 4096.0
post_trigger_duration = 0.25

[fix_parameters]
fix_list = ["ra", "dec", "psi", "geocent_time"]

