[setting]
event_name = pp_one_mode_80
comment = test, parameters are set to be like GR 220
mode_number = one_mode

[injection_parameters]
a1 = 0.44630688610708874
alpha = 0.5048214083865443
f1 = 302.61734949868463
f2 = 492.18945983047365
tau1 = -0.020617529017955907
tau2 = -0.031252768039071344
phi1 = -2.008027463558502
phi2 = -1.7703150905215606
ra = 0.0
dec = 0.0
psi = 0.0
geocent_time = 0.0

[waveform_arguments]
reference_frequency = 50
minimum_frequency = 20
maximum_frequency = 512

[other_parameters]
duration = 0.5
sampling_frequency = 4096.0
post_trigger_duration = 0.25

[fix_parameters]
fix_list = ["ra", "dec", "psi", "geocent_time"]

