[setting]
event_name = pp_one_mode_93
comment = test, parameters are set to be like GR 220
mode_number = one_mode

[injection_parameters]
a1 = 0.07348609246977901
alpha = -0.5526945928877514
f1 = 288.6637777173921
f2 = 359.0401506856811
tau1 = -0.024944896517852744
tau2 = -0.006249364056867025
phi1 = 0.3797039997897782
phi2 = -1.766706459172606
ra = 0.0
dec = 0.0
psi = 0.0
geocent_time = 0.0

[waveform_arguments]
reference_frequency = 50
minimum_frequency = 20
maximum_frequency = 512

[other_parameters]
duration = 0.5
sampling_frequency = 4096.0
post_trigger_duration = 0.25

[fix_parameters]
fix_list = ["ra", "dec", "psi", "geocent_time"]

