[setting]
event_name = pp_one_mode_83
comment = test, parameters are set to be like GR 220
mode_number = one_mode

[injection_parameters]
a1 = 0.11024951918320211
alpha = 0.7326207412015087
f1 = 221.09193559031522
f2 = 67.14533321003185
tau1 = -0.04637437628756445
tau2 = -0.04029772628051886
phi1 = 3.048068112380496
phi2 = -2.0797313527103385
ra = 0.0
dec = 0.0
psi = 0.0
geocent_time = 0.0

[waveform_arguments]
reference_frequency = 50
minimum_frequency = 20
maximum_frequency = 512

[other_parameters]
duration = 0.5
sampling_frequency = 4096.0
post_trigger_duration = 0.25

[fix_parameters]
fix_list = ["ra", "dec", "psi", "geocent_time"]

