[setting]
event_name = pp_one_mode_79
comment = test, parameters are set to be like GR 220
mode_number = one_mode

[injection_parameters]
a1 = 10.714723020796823
alpha = 0.31337384030791937
f1 = 403.4953964172583
f2 = 23.844736230647996
tau1 = -0.02155245001790314
tau2 = -0.027836646382703722
phi1 = -0.8150931336803606
phi2 = -2.1598467964386217
ra = 0.0
dec = 0.0
psi = 0.0
geocent_time = 0.0

[waveform_arguments]
reference_frequency = 50
minimum_frequency = 20
maximum_frequency = 512

[other_parameters]
duration = 0.5
sampling_frequency = 4096.0
post_trigger_duration = 0.25

[fix_parameters]
fix_list = ["ra", "dec", "psi", "geocent_time"]

