[setting]
event_name = pp_one_mode_75
comment = test, parameters are set to be like GR 220
mode_number = one_mode

[injection_parameters]
a1 = 51.56681547137614
alpha = 0.25108081299667373
f1 = 72.23187576968496
f2 = 325.24468464487927
tau1 = -0.014956793878251468
tau2 = -0.006303354362304642
phi1 = -2.2152467975698356
phi2 = -1.0548547536710888
ra = 0.0
dec = 0.0
psi = 0.0
geocent_time = 0.0

[waveform_arguments]
reference_frequency = 50
minimum_frequency = 20
maximum_frequency = 512

[other_parameters]
duration = 0.5
sampling_frequency = 4096.0
post_trigger_duration = 0.25

[fix_parameters]
fix_list = ["ra", "dec", "psi", "geocent_time"]

