[setting]
event_name = pp_one_mode_74
comment = test, parameters are set to be like GR 220
mode_number = one_mode

[injection_parameters]
a1 = 3.8029878008014073
alpha = 0.37390006048071434
f1 = 214.93760878814558
f2 = 117.47847186946404
tau1 = -0.0455968581266131
tau2 = -0.02244865222331438
phi1 = 0.07757935989006359
phi2 = 1.0703381818253614
ra = 0.0
dec = 0.0
psi = 0.0
geocent_time = 0.0

[waveform_arguments]
reference_frequency = 50
minimum_frequency = 20
maximum_frequency = 512

[other_parameters]
duration = 0.5
sampling_frequency = 4096.0
post_trigger_duration = 0.25

[fix_parameters]
fix_list = ["ra", "dec", "psi", "geocent_time"]

