[setting]
event_name = pp_one_mode_82
comment = test, parameters are set to be like GR 220
mode_number = one_mode

[injection_parameters]
a1 = 0.011151597145133536
alpha = -0.39616672715427703
f1 = 293.0583471450926
f2 = 46.912457116729925
tau1 = -0.011207018041872165
tau2 = -0.041002219446424425
phi1 = -2.695835303624981
phi2 = 0.15467357673582383
ra = 0.0
dec = 0.0
psi = 0.0
geocent_time = 0.0

[waveform_arguments]
reference_frequency = 50
minimum_frequency = 20
maximum_frequency = 512

[other_parameters]
duration = 0.5
sampling_frequency = 4096.0
post_trigger_duration = 0.25

[fix_parameters]
fix_list = ["ra", "dec", "psi", "geocent_time"]

