[setting]
event_name = pp_one_mode_84
comment = test, parameters are set to be like GR 220
mode_number = one_mode

[injection_parameters]
a1 = 0.12451275049893556
alpha = 0.865262161092301
f1 = 482.11588915102834
f2 = 241.6467822789756
tau1 = -0.012811951638469897
tau2 = -0.033020192859075495
phi1 = -1.5658226217854405
phi2 = 2.7454575592717942
ra = 0.0
dec = 0.0
psi = 0.0
geocent_time = 0.0

[waveform_arguments]
reference_frequency = 50
minimum_frequency = 20
maximum_frequency = 512

[other_parameters]
duration = 0.5
sampling_frequency = 4096.0
post_trigger_duration = 0.25

[fix_parameters]
fix_list = ["ra", "dec", "psi", "geocent_time"]

