[setting]
event_name = pp_one_mode_95
comment = test, parameters are set to be like GR 220
mode_number = one_mode

[injection_parameters]
a1 = 0.028354187109191943
alpha = 0.08638059336039139
f1 = 213.2464895759966
f2 = 397.9530958983167
tau1 = -0.028318673325483018
tau2 = -0.009766584094457895
phi1 = -0.9967649240705292
phi2 = -0.028839620818885248
ra = 0.0
dec = 0.0
psi = 0.0
geocent_time = 0.0

[waveform_arguments]
reference_frequency = 50
minimum_frequency = 20
maximum_frequency = 512

[other_parameters]
duration = 0.5
sampling_frequency = 4096.0
post_trigger_duration = 0.25

[fix_parameters]
fix_list = ["ra", "dec", "psi", "geocent_time"]

