[setting]
event_name = pp_one_mode_99
comment = test, parameters are set to be like GR 220
mode_number = one_mode

[injection_parameters]
a1 = 3.1681964906930755
alpha = 0.7936831423584527
f1 = 333.12707760396256
f2 = 42.252532842236604
tau1 = -0.0181999949792703
tau2 = -0.04120058174447309
phi1 = 1.171827493783093
phi2 = 2.7491041729831043
ra = 0.0
dec = 0.0
psi = 0.0
geocent_time = 0.0

[waveform_arguments]
reference_frequency = 50
minimum_frequency = 20
maximum_frequency = 512

[other_parameters]
duration = 0.5
sampling_frequency = 4096.0
post_trigger_duration = 0.25

[fix_parameters]
fix_list = ["ra", "dec", "psi", "geocent_time"]

