[setting]
event_name = pp_one_mode_73
comment = test, parameters are set to be like GR 220
mode_number = one_mode

[injection_parameters]
a1 = 0.26539126433257876
alpha = 0.038677559046551346
f1 = 310.2928282490639
f2 = 221.5386515050758
tau1 = -0.04180060563916752
tau2 = -0.009459759911345046
phi1 = -2.997586053411573
phi2 = -2.6086901198495593
ra = 0.0
dec = 0.0
psi = 0.0
geocent_time = 0.0

[waveform_arguments]
reference_frequency = 50
minimum_frequency = 20
maximum_frequency = 512

[other_parameters]
duration = 0.5
sampling_frequency = 4096.0
post_trigger_duration = 0.25

[fix_parameters]
fix_list = ["ra", "dec", "psi", "geocent_time"]

