[setting]
event_name = pp_one_mode_15
comment = test, parameters are set to be like GR 220
mode_number = one_mode

[injection_parameters]
a1 = 0.15588724892487238
alpha = -0.9545823008896537
f1 = 378.9351366591451
f2 = 291.03674248421385
tau1 = -0.01763922932290632
tau2 = -0.0064522989986878845
phi1 = -0.24227552627691296
phi2 = -2.782277084260557
ra = 0.0
dec = 0.0
psi = 0.0
geocent_time = 0.0

[waveform_arguments]
reference_frequency = 50
minimum_frequency = 20
maximum_frequency = 512

[other_parameters]
duration = 0.5
sampling_frequency = 4096.0
post_trigger_duration = 0.25

[fix_parameters]
fix_list = ["ra", "dec", "psi", "geocent_time"]

