[setting]
event_name = pp_one_mode_96
comment = test, parameters are set to be like GR 220
mode_number = one_mode

[injection_parameters]
a1 = 23.03030354178756
alpha = 0.3075054879969972
f1 = 287.3823365423868
f2 = 324.8826873101986
tau1 = -0.0020432409735214804
tau2 = -0.03524795376650726
phi1 = -1.7495275045360013
phi2 = 1.8399470125094544
ra = 0.0
dec = 0.0
psi = 0.0
geocent_time = 0.0

[waveform_arguments]
reference_frequency = 50
minimum_frequency = 20
maximum_frequency = 512

[other_parameters]
duration = 0.5
sampling_frequency = 4096.0
post_trigger_duration = 0.25

[fix_parameters]
fix_list = ["ra", "dec", "psi", "geocent_time"]

