[setting]
event_name = pp_one_mode_50
comment = test, parameters are set to be like GR 220
mode_number = one_mode

[injection_parameters]
a1 = 73.83516319776581
alpha = -0.31420568148911276
f1 = 496.24087023628476
f2 = 442.1963808859556
tau1 = -0.040864789309033644
tau2 = -0.03134982618625348
phi1 = -0.591335006941335
phi2 = 0.1755516947859026
ra = 0.0
dec = 0.0
psi = 0.0
geocent_time = 0.0

[waveform_arguments]
reference_frequency = 50
minimum_frequency = 20
maximum_frequency = 512

[other_parameters]
duration = 0.5
sampling_frequency = 4096.0
post_trigger_duration = 0.25

[fix_parameters]
fix_list = ["ra", "dec", "psi", "geocent_time"]

