[setting]
event_name = pp_one_mode_22
comment = test, parameters are set to be like GR 220
mode_number = one_mode

[injection_parameters]
a1 = 0.04518175261521722
alpha = 0.43521734441116533
f1 = 262.9809967548784
f2 = 165.6573153553455
tau1 = -0.01932252302219338
tau2 = -0.021096252403562367
phi1 = 0.43301398674316083
phi2 = 2.6027289385997525
ra = 0.0
dec = 0.0
psi = 0.0
geocent_time = 0.0

[waveform_arguments]
reference_frequency = 50
minimum_frequency = 20
maximum_frequency = 512

[other_parameters]
duration = 0.5
sampling_frequency = 4096.0
post_trigger_duration = 0.25

[fix_parameters]
fix_list = ["ra", "dec", "psi", "geocent_time"]

