[setting]
event_name = pp_one_mode_12
comment = test, parameters are set to be like GR 220
mode_number = one_mode

[injection_parameters]
a1 = 0.5555245372042245
alpha = 0.8572428075800198
f1 = 378.204004613914
f2 = 405.8399289143895
tau1 = -0.02358249953320438
tau2 = -0.02772114375551861
phi1 = 2.0661606548895977
phi2 = -0.4761489848123901
ra = 0.0
dec = 0.0
psi = 0.0
geocent_time = 0.0

[waveform_arguments]
reference_frequency = 50
minimum_frequency = 20
maximum_frequency = 512

[other_parameters]
duration = 0.5
sampling_frequency = 4096.0
post_trigger_duration = 0.25

[fix_parameters]
fix_list = ["ra", "dec", "psi", "geocent_time"]

