[setting]
event_name = pp_one_mode_81
comment = test, parameters are set to be like GR 220
mode_number = one_mode

[injection_parameters]
a1 = 19.810372700774252
alpha = 0.4776869941992312
f1 = 272.3275040817791
f2 = 167.8056353845575
tau1 = -0.02665845233922287
tau2 = -0.01143439881622603
phi1 = 2.4286438593765682
phi2 = -1.679173888542285
ra = 0.0
dec = 0.0
psi = 0.0
geocent_time = 0.0

[waveform_arguments]
reference_frequency = 50
minimum_frequency = 20
maximum_frequency = 512

[other_parameters]
duration = 0.5
sampling_frequency = 4096.0
post_trigger_duration = 0.25

[fix_parameters]
fix_list = ["ra", "dec", "psi", "geocent_time"]

