[setting]
event_name = pp_one_mode_1
comment = test, parameters are set to be like GR 220
mode_number = one_mode

[injection_parameters]
a1 = 1.0183616325803857
alpha = -0.6899499122383161
f1 = 62.61617831643548
f2 = 145.18792935864127
tau1 = -0.03292811719640762
tau2 = -0.0396249517722972
phi1 = 3.129849367438088
phi2 = 1.2035723747026683
ra = 0.0
dec = 0.0
psi = 0.0
geocent_time = 0.0

[waveform_arguments]
reference_frequency = 50
minimum_frequency = 20
maximum_frequency = 512

[other_parameters]
duration = 0.5
sampling_frequency = 4096.0
post_trigger_duration = 0.25

[fix_parameters]
fix_list = ["ra", "dec", "psi", "geocent_time"]

