[setting]
event_name = pp_one_mode_64
comment = test, parameters are set to be like GR 220
mode_number = one_mode

[injection_parameters]
a1 = 0.056542706005485464
alpha = -0.34102515492348573
f1 = 468.8717060524847
f2 = 371.3291512465787
tau1 = -0.038500548809185534
tau2 = -0.01042798264306366
phi1 = 2.265719376054739
phi2 = 0.1300184676102507
ra = 0.0
dec = 0.0
psi = 0.0
geocent_time = 0.0

[waveform_arguments]
reference_frequency = 50
minimum_frequency = 20
maximum_frequency = 512

[other_parameters]
duration = 0.5
sampling_frequency = 4096.0
post_trigger_duration = 0.25

[fix_parameters]
fix_list = ["ra", "dec", "psi", "geocent_time"]

