[setting]
event_name = pp_one_mode_37
comment = test, parameters are set to be like GR 220
mode_number = one_mode

[injection_parameters]
a1 = 0.3657979797923003
alpha = -0.5304253565021739
f1 = 101.93876153104009
f2 = 351.8206037258609
tau1 = -0.043685389704173225
tau2 = -0.03001626064566002
phi1 = -0.5342601752915952
phi2 = -0.9845420331815915
ra = 0.0
dec = 0.0
psi = 0.0
geocent_time = 0.0

[waveform_arguments]
reference_frequency = 50
minimum_frequency = 20
maximum_frequency = 512

[other_parameters]
duration = 0.5
sampling_frequency = 4096.0
post_trigger_duration = 0.25

[fix_parameters]
fix_list = ["ra", "dec", "psi", "geocent_time"]

