[setting]
event_name = pp_one_mode_59
comment = test, parameters are set to be like GR 220
mode_number = one_mode

[injection_parameters]
a1 = 0.03137610602100703
alpha = 0.25115257626802645
f1 = 331.93333960887554
f2 = 499.2966981473479
tau1 = -0.04746622601408537
tau2 = -0.01882599650474213
phi1 = -2.236661079188942
phi2 = -1.7752038338218543
ra = 0.0
dec = 0.0
psi = 0.0
geocent_time = 0.0

[waveform_arguments]
reference_frequency = 50
minimum_frequency = 20
maximum_frequency = 512

[other_parameters]
duration = 0.5
sampling_frequency = 4096.0
post_trigger_duration = 0.25

[fix_parameters]
fix_list = ["ra", "dec", "psi", "geocent_time"]

