[setting]
event_name = pp_one_mode_48
comment = test, parameters are set to be like GR 220
mode_number = one_mode

[injection_parameters]
a1 = 97.64132325213443
alpha = -0.9760033752745998
f1 = 105.00727477900253
f2 = 267.4951739202329
tau1 = -0.03822252862289424
tau2 = -0.044413946774304505
phi1 = -0.42330215274405036
phi2 = 1.8218909567145056
ra = 0.0
dec = 0.0
psi = 0.0
geocent_time = 0.0

[waveform_arguments]
reference_frequency = 50
minimum_frequency = 20
maximum_frequency = 512

[other_parameters]
duration = 0.5
sampling_frequency = 4096.0
post_trigger_duration = 0.25

[fix_parameters]
fix_list = ["ra", "dec", "psi", "geocent_time"]

