[setting]
event_name = pp_one_mode_23
comment = test, parameters are set to be like GR 220
mode_number = one_mode

[injection_parameters]
a1 = 1.9422650998156354
alpha = -0.42276057877352047
f1 = 36.397037862114786
f2 = 223.95791744662714
tau1 = -0.031650805124315326
tau2 = -0.04369131698145319
phi1 = -2.1055203087580505
phi2 = 2.2374635505542857
ra = 0.0
dec = 0.0
psi = 0.0
geocent_time = 0.0

[waveform_arguments]
reference_frequency = 50
minimum_frequency = 20
maximum_frequency = 512

[other_parameters]
duration = 0.5
sampling_frequency = 4096.0
post_trigger_duration = 0.25

[fix_parameters]
fix_list = ["ra", "dec", "psi", "geocent_time"]

