[setting]
event_name = pp_one_mode_88
comment = test, parameters are set to be like GR 220
mode_number = one_mode

[injection_parameters]
a1 = 0.8643615995010321
alpha = 0.8004805176316285
f1 = 102.1656110101709
f2 = 138.32619986071683
tau1 = -0.030009285402331467
tau2 = -0.021276958027597093
phi1 = -1.174666000068192
phi2 = 3.111747720747438
ra = 0.0
dec = 0.0
psi = 0.0
geocent_time = 0.0

[waveform_arguments]
reference_frequency = 50
minimum_frequency = 20
maximum_frequency = 512

[other_parameters]
duration = 0.5
sampling_frequency = 4096.0
post_trigger_duration = 0.25

[fix_parameters]
fix_list = ["ra", "dec", "psi", "geocent_time"]

