[setting]
event_name = pp_one_mode_14
comment = test, parameters are set to be like GR 220
mode_number = one_mode

[injection_parameters]
a1 = 0.26832621349943375
alpha = 0.6162687768169475
f1 = 199.12661143664508
f2 = 371.79765569354834
tau1 = -0.007210490067188324
tau2 = -0.0012741399179672097
phi1 = 2.556884619231389
phi2 = 2.999075512929714
ra = 0.0
dec = 0.0
psi = 0.0
geocent_time = 0.0

[waveform_arguments]
reference_frequency = 50
minimum_frequency = 20
maximum_frequency = 512

[other_parameters]
duration = 0.5
sampling_frequency = 4096.0
post_trigger_duration = 0.25

[fix_parameters]
fix_list = ["ra", "dec", "psi", "geocent_time"]

