[setting]
event_name = pp_one_mode_85
comment = test, parameters are set to be like GR 220
mode_number = one_mode

[injection_parameters]
a1 = 0.10650705434608393
alpha = -0.1097854087064527
f1 = 472.5008318117063
f2 = 266.2221916967071
tau1 = -0.0017494935117268254
tau2 = -0.044554333662213425
phi1 = -0.5979963637925962
phi2 = -2.86197713591019
ra = 0.0
dec = 0.0
psi = 0.0
geocent_time = 0.0

[waveform_arguments]
reference_frequency = 50
minimum_frequency = 20
maximum_frequency = 512

[other_parameters]
duration = 0.5
sampling_frequency = 4096.0
post_trigger_duration = 0.25

[fix_parameters]
fix_list = ["ra", "dec", "psi", "geocent_time"]

