[setting]
event_name = pp_one_mode_5
comment = test, parameters are set to be like GR 220
mode_number = one_mode

[injection_parameters]
a1 = 8.129417019307967
alpha = 0.03218771713291635
f1 = 332.3111796249334
f2 = 418.21219074573395
tau1 = -0.024258314346815246
tau2 = -0.023363550732369648
phi1 = -1.8500596395289266
phi2 = -1.8099728838261142
ra = 0.0
dec = 0.0
psi = 0.0
geocent_time = 0.0

[waveform_arguments]
reference_frequency = 50
minimum_frequency = 20
maximum_frequency = 512

[other_parameters]
duration = 0.5
sampling_frequency = 4096.0
post_trigger_duration = 0.25

[fix_parameters]
fix_list = ["ra", "dec", "psi", "geocent_time"]

