[setting]
event_name = pp_one_mode_25
comment = test, parameters are set to be like GR 220
mode_number = one_mode

[injection_parameters]
a1 = 0.6102574359327667
alpha = 0.16289970355130867
f1 = 108.81706632333562
f2 = 226.82284175181226
tau1 = -0.023652380783306306
tau2 = -0.017235118385249278
phi1 = -2.0686601837637437
phi2 = 1.16867098762454
ra = 0.0
dec = 0.0
psi = 0.0
geocent_time = 0.0

[waveform_arguments]
reference_frequency = 50
minimum_frequency = 20
maximum_frequency = 512

[other_parameters]
duration = 0.5
sampling_frequency = 4096.0
post_trigger_duration = 0.25

[fix_parameters]
fix_list = ["ra", "dec", "psi", "geocent_time"]

