[setting]
event_name = pp_one_mode_87
comment = test, parameters are set to be like GR 220
mode_number = one_mode

[injection_parameters]
a1 = 44.691111967823865
alpha = -0.6638238726503236
f1 = 73.2289282525741
f2 = 450.2381184012795
tau1 = -0.030155836594308684
tau2 = -0.03547780096309793
phi1 = -0.9331679498276788
phi2 = -0.2271000081671697
ra = 0.0
dec = 0.0
psi = 0.0
geocent_time = 0.0

[waveform_arguments]
reference_frequency = 50
minimum_frequency = 20
maximum_frequency = 512

[other_parameters]
duration = 0.5
sampling_frequency = 4096.0
post_trigger_duration = 0.25

[fix_parameters]
fix_list = ["ra", "dec", "psi", "geocent_time"]

