[setting]
event_name = pp_one_mode_67
comment = test, parameters are set to be like GR 220
mode_number = one_mode

[injection_parameters]
a1 = 0.03836802769116759
alpha = -0.5759126020459142
f1 = 255.77561493153337
f2 = 425.41186673530075
tau1 = -0.001274022575483237
tau2 = -0.03718972820531284
phi1 = -1.4622799887002964
phi2 = -0.10275458200757415
ra = 0.0
dec = 0.0
psi = 0.0
geocent_time = 0.0

[waveform_arguments]
reference_frequency = 50
minimum_frequency = 20
maximum_frequency = 512

[other_parameters]
duration = 0.5
sampling_frequency = 4096.0
post_trigger_duration = 0.25

[fix_parameters]
fix_list = ["ra", "dec", "psi", "geocent_time"]

