[setting]
event_name = pp_one_mode_41
comment = test, parameters are set to be like GR 220
mode_number = one_mode

[injection_parameters]
a1 = 0.010040396264424779
alpha = -0.6479662338677339
f1 = 67.27046232103505
f2 = 368.2096954702834
tau1 = -0.023674464165468465
tau2 = -0.01753358987669565
phi1 = -2.0225992515579536
phi2 = 0.8734102996246875
ra = 0.0
dec = 0.0
psi = 0.0
geocent_time = 0.0

[waveform_arguments]
reference_frequency = 50
minimum_frequency = 20
maximum_frequency = 512

[other_parameters]
duration = 0.5
sampling_frequency = 4096.0
post_trigger_duration = 0.25

[fix_parameters]
fix_list = ["ra", "dec", "psi", "geocent_time"]

