[setting]
event_name = pp_one_mode_97
comment = test, parameters are set to be like GR 220
mode_number = one_mode

[injection_parameters]
a1 = 0.3033493117049704
alpha = 0.9238075034566953
f1 = 474.86291087795513
f2 = 117.68371828166023
tau1 = -0.0074106716796542155
tau2 = -0.024906967292861664
phi1 = -2.479436743256284
phi2 = 3.0575017389292496
ra = 0.0
dec = 0.0
psi = 0.0
geocent_time = 0.0

[waveform_arguments]
reference_frequency = 50
minimum_frequency = 20
maximum_frequency = 512

[other_parameters]
duration = 0.5
sampling_frequency = 4096.0
post_trigger_duration = 0.25

[fix_parameters]
fix_list = ["ra", "dec", "psi", "geocent_time"]

