[setting]
event_name = pp_one_mode_24
comment = test, parameters are set to be like GR 220
mode_number = one_mode

[injection_parameters]
a1 = 15.337713687132146
alpha = 0.55973682901281
f1 = 373.8809387536179
f2 = 262.74511889104707
tau1 = -0.046858897702842274
tau2 = -0.012384623138819398
phi1 = 3.062862252671999
phi2 = 2.023436617820119
ra = 0.0
dec = 0.0
psi = 0.0
geocent_time = 0.0

[waveform_arguments]
reference_frequency = 50
minimum_frequency = 20
maximum_frequency = 512

[other_parameters]
duration = 0.5
sampling_frequency = 4096.0
post_trigger_duration = 0.25

[fix_parameters]
fix_list = ["ra", "dec", "psi", "geocent_time"]

