[setting]
event_name = pp_one_mode_86
comment = test, parameters are set to be like GR 220
mode_number = one_mode

[injection_parameters]
a1 = 68.06653578550714
alpha = -0.27175003966685973
f1 = 258.35238237829753
f2 = 88.34192797051115
tau1 = -0.0035804314489795708
tau2 = -0.01730518456568278
phi1 = -0.08799263209413821
phi2 = 0.19352487754192182
ra = 0.0
dec = 0.0
psi = 0.0
geocent_time = 0.0

[waveform_arguments]
reference_frequency = 50
minimum_frequency = 20
maximum_frequency = 512

[other_parameters]
duration = 0.5
sampling_frequency = 4096.0
post_trigger_duration = 0.25

[fix_parameters]
fix_list = ["ra", "dec", "psi", "geocent_time"]

