[setting]
event_name = pp_one_mode_20
comment = test, parameters are set to be like GR 220
mode_number = one_mode

[injection_parameters]
a1 = 1.4940872193198247
alpha = 0.393998237584817
f1 = 222.13124081074207
f2 = 327.948935660244
tau1 = -0.018606792371907238
tau2 = -0.03296514113502473
phi1 = -1.3950851782144325
phi2 = -0.6088715522130186
ra = 0.0
dec = 0.0
psi = 0.0
geocent_time = 0.0

[waveform_arguments]
reference_frequency = 50
minimum_frequency = 20
maximum_frequency = 512

[other_parameters]
duration = 0.5
sampling_frequency = 4096.0
post_trigger_duration = 0.25

[fix_parameters]
fix_list = ["ra", "dec", "psi", "geocent_time"]

