[setting]
event_name = pp_one_mode_3
comment = test, parameters are set to be like GR 220
mode_number = one_mode

[injection_parameters]
a1 = 0.6558861345897923
alpha = -0.0288244544133216
f1 = 420.8094877106244
f2 = 339.82671646181245
tau1 = -0.035111272854032025
tau2 = -0.029850306418418352
phi1 = 0.8257341158213012
phi2 = 0.23527686689781335
ra = 0.0
dec = 0.0
psi = 0.0
geocent_time = 0.0

[waveform_arguments]
reference_frequency = 50
minimum_frequency = 20
maximum_frequency = 512

[other_parameters]
duration = 0.5
sampling_frequency = 4096.0
post_trigger_duration = 0.25

[fix_parameters]
fix_list = ["ra", "dec", "psi", "geocent_time"]

