[setting]
event_name = pp_one_mode_53
comment = test, parameters are set to be like GR 220
mode_number = one_mode

[injection_parameters]
a1 = 0.03976141596902892
alpha = -0.36291138851806615
f1 = 249.8530529226232
f2 = 395.17003596562654
tau1 = -0.03935516095998889
tau2 = -0.008868093003834412
phi1 = 2.52553382364548
phi2 = 0.29097386793946134
ra = 0.0
dec = 0.0
psi = 0.0
geocent_time = 0.0

[waveform_arguments]
reference_frequency = 50
minimum_frequency = 20
maximum_frequency = 512

[other_parameters]
duration = 0.5
sampling_frequency = 4096.0
post_trigger_duration = 0.25

[fix_parameters]
fix_list = ["ra", "dec", "psi", "geocent_time"]

