[setting]
event_name = pp_one_mode_94
comment = test, parameters are set to be like GR 220
mode_number = one_mode

[injection_parameters]
a1 = 2.400317362782448
alpha = -0.2461667270891823
f1 = 413.34439816529476
f2 = 426.61755355258566
tau1 = -0.022019001245712783
tau2 = -0.005100520832761302
phi1 = 1.4017764647531514
phi2 = 2.6492130790225676
ra = 0.0
dec = 0.0
psi = 0.0
geocent_time = 0.0

[waveform_arguments]
reference_frequency = 50
minimum_frequency = 20
maximum_frequency = 512

[other_parameters]
duration = 0.5
sampling_frequency = 4096.0
post_trigger_duration = 0.25

[fix_parameters]
fix_list = ["ra", "dec", "psi", "geocent_time"]

