[setting]
event_name = pp_one_mode_51
comment = test, parameters are set to be like GR 220
mode_number = one_mode

[injection_parameters]
a1 = 86.01100201947881
alpha = 0.7236558134038724
f1 = 261.3656856133654
f2 = 25.195079125991047
tau1 = -0.010371753503146237
tau2 = -0.02794002647367412
phi1 = -0.30653202513518396
phi2 = -2.400072498167115
ra = 0.0
dec = 0.0
psi = 0.0
geocent_time = 0.0

[waveform_arguments]
reference_frequency = 50
minimum_frequency = 20
maximum_frequency = 512

[other_parameters]
duration = 0.5
sampling_frequency = 4096.0
post_trigger_duration = 0.25

[fix_parameters]
fix_list = ["ra", "dec", "psi", "geocent_time"]

