[setting]
event_name = pp_one_mode_16
comment = test, parameters are set to be like GR 220
mode_number = one_mode

[injection_parameters]
a1 = 0.5145053263670265
alpha = -0.3928714781001412
f1 = 230.8569154579054
f2 = 194.24955442328655
tau1 = -0.03520733609847149
tau2 = -0.0018685822338720404
phi1 = 2.4001117061253163
phi2 = 2.9914677523817055
ra = 0.0
dec = 0.0
psi = 0.0
geocent_time = 0.0

[waveform_arguments]
reference_frequency = 50
minimum_frequency = 20
maximum_frequency = 512

[other_parameters]
duration = 0.5
sampling_frequency = 4096.0
post_trigger_duration = 0.25

[fix_parameters]
fix_list = ["ra", "dec", "psi", "geocent_time"]

