[setting]
event_name = pp_one_mode_92
comment = test, parameters are set to be like GR 220
mode_number = one_mode

[injection_parameters]
a1 = 29.55155559920717
alpha = -0.5378548392420119
f1 = 497.55077751314985
f2 = 85.63750272788164
tau1 = -0.04015968466995687
tau2 = -0.021997462597692887
phi1 = -2.1387602259883547
phi2 = 1.0576296180713713
ra = 0.0
dec = 0.0
psi = 0.0
geocent_time = 0.0

[waveform_arguments]
reference_frequency = 50
minimum_frequency = 20
maximum_frequency = 512

[other_parameters]
duration = 0.5
sampling_frequency = 4096.0
post_trigger_duration = 0.25

[fix_parameters]
fix_list = ["ra", "dec", "psi", "geocent_time"]

