[setting]
event_name = pp_one_mode_90
comment = test, parameters are set to be like GR 220
mode_number = one_mode

[injection_parameters]
a1 = 0.17142190767641363
alpha = -0.5952934012732551
f1 = 481.109553791626
f2 = 380.30443422847867
tau1 = -0.023299257859562404
tau2 = -0.005795890228157116
phi1 = 0.5761241622780222
phi2 = 2.984965517796983
ra = 0.0
dec = 0.0
psi = 0.0
geocent_time = 0.0

[waveform_arguments]
reference_frequency = 50
minimum_frequency = 20
maximum_frequency = 512

[other_parameters]
duration = 0.5
sampling_frequency = 4096.0
post_trigger_duration = 0.25

[fix_parameters]
fix_list = ["ra", "dec", "psi", "geocent_time"]

