[setting]
event_name = pp_one_mode_52
comment = test, parameters are set to be like GR 220
mode_number = one_mode

[injection_parameters]
a1 = 1.2283054179383421
alpha = 0.12063629846780488
f1 = 348.4232745470098
f2 = 49.018183631065725
tau1 = -0.04161635869138394
tau2 = -0.015802832559529842
phi1 = 0.05613742568851965
phi2 = 2.1459890980360674
ra = 0.0
dec = 0.0
psi = 0.0
geocent_time = 0.0

[waveform_arguments]
reference_frequency = 50
minimum_frequency = 20
maximum_frequency = 512

[other_parameters]
duration = 0.5
sampling_frequency = 4096.0
post_trigger_duration = 0.25

[fix_parameters]
fix_list = ["ra", "dec", "psi", "geocent_time"]

