[setting]
event_name = pp_one_mode_8
comment = test, parameters are set to be like GR 220
mode_number = one_mode

[injection_parameters]
a1 = 45.83681378240116
alpha = -0.44200966983054957
f1 = 70.42513435865692
f2 = 383.08326596452935
tau1 = -0.0441518685854225
tau2 = -0.025747168956452814
phi1 = -0.23268727644488907
phi2 = -3.067836935908406
ra = 0.0
dec = 0.0
psi = 0.0
geocent_time = 0.0

[waveform_arguments]
reference_frequency = 50
minimum_frequency = 20
maximum_frequency = 512

[other_parameters]
duration = 0.5
sampling_frequency = 4096.0
post_trigger_duration = 0.25

[fix_parameters]
fix_list = ["ra", "dec", "psi", "geocent_time"]

