[setting]
event_name = pp_one_mode_17
comment = test, parameters are set to be like GR 220
mode_number = one_mode

[injection_parameters]
a1 = 0.89420271156022
alpha = 0.4213706157996038
f1 = 219.64896347723322
f2 = 57.6239299700174
tau1 = -0.017939775984225817
tau2 = -0.021980015287593507
phi1 = -0.034219529065401044
phi2 = -2.6441157453301916
ra = 0.0
dec = 0.0
psi = 0.0
geocent_time = 0.0

[waveform_arguments]
reference_frequency = 50
minimum_frequency = 20
maximum_frequency = 512

[other_parameters]
duration = 0.5
sampling_frequency = 4096.0
post_trigger_duration = 0.25

[fix_parameters]
fix_list = ["ra", "dec", "psi", "geocent_time"]

