[setting]
event_name = pp_one_mode_32
comment = test, parameters are set to be like GR 220
mode_number = one_mode

[injection_parameters]
a1 = 0.639334237091694
alpha = -0.9398795968624691
f1 = 414.6090173943938
f2 = 429.0836208982454
tau1 = -0.025711310130858263
tau2 = -0.03360534270385179
phi1 = 1.2347966582813372
phi2 = 2.3175942301694867
ra = 0.0
dec = 0.0
psi = 0.0
geocent_time = 0.0

[waveform_arguments]
reference_frequency = 50
minimum_frequency = 20
maximum_frequency = 512

[other_parameters]
duration = 0.5
sampling_frequency = 4096.0
post_trigger_duration = 0.25

[fix_parameters]
fix_list = ["ra", "dec", "psi", "geocent_time"]

