[setting]
event_name = pp_one_mode_11
comment = test, parameters are set to be like GR 220
mode_number = one_mode

[injection_parameters]
a1 = 54.76991584592005
alpha = -0.5442892589221715
f1 = 457.64458012564177
f2 = 439.78312656396747
tau1 = -0.04759020449005837
tau2 = -0.028043870557472414
phi1 = 2.2460379645500064
phi2 = 1.3399624610654408
ra = 0.0
dec = 0.0
psi = 0.0
geocent_time = 0.0

[waveform_arguments]
reference_frequency = 50
minimum_frequency = 20
maximum_frequency = 512

[other_parameters]
duration = 0.5
sampling_frequency = 4096.0
post_trigger_duration = 0.25

[fix_parameters]
fix_list = ["ra", "dec", "psi", "geocent_time"]

