[setting]
event_name = pp_one_mode_71
comment = test, parameters are set to be like GR 220
mode_number = one_mode

[injection_parameters]
a1 = 6.4007793708195075
alpha = 0.6027239713973511
f1 = 136.82347281669598
f2 = 64.40649891830917
tau1 = -0.006390939350462699
tau2 = -0.011684514088633753
phi1 = -0.43334197743164626
phi2 = -2.8061257871706062
ra = 0.0
dec = 0.0
psi = 0.0
geocent_time = 0.0

[waveform_arguments]
reference_frequency = 50
minimum_frequency = 20
maximum_frequency = 512

[other_parameters]
duration = 0.5
sampling_frequency = 4096.0
post_trigger_duration = 0.25

[fix_parameters]
fix_list = ["ra", "dec", "psi", "geocent_time"]

