[setting]
event_name = pp_one_mode_70
comment = test, parameters are set to be like GR 220
mode_number = one_mode

[injection_parameters]
a1 = 0.47657009407847656
alpha = 0.9019830063798868
f1 = 156.61966591146563
f2 = 30.622405698180692
tau1 = -0.026823239630226058
tau2 = -0.011904479606480362
phi1 = 3.104834310469558
phi2 = 3.098324826585329
ra = 0.0
dec = 0.0
psi = 0.0
geocent_time = 0.0

[waveform_arguments]
reference_frequency = 50
minimum_frequency = 20
maximum_frequency = 512

[other_parameters]
duration = 0.5
sampling_frequency = 4096.0
post_trigger_duration = 0.25

[fix_parameters]
fix_list = ["ra", "dec", "psi", "geocent_time"]

