[setting]
event_name = pp_one_mode_55
comment = test, parameters are set to be like GR 220
mode_number = one_mode

[injection_parameters]
a1 = 56.81583701095607
alpha = 0.3477578656909246
f1 = 93.93831345843475
f2 = 480.54220329123444
tau1 = -0.046273408638098694
tau2 = -0.01623324695290479
phi1 = 0.0500789675830382
phi2 = -2.6513655487060066
ra = 0.0
dec = 0.0
psi = 0.0
geocent_time = 0.0

[waveform_arguments]
reference_frequency = 50
minimum_frequency = 20
maximum_frequency = 512

[other_parameters]
duration = 0.5
sampling_frequency = 4096.0
post_trigger_duration = 0.25

[fix_parameters]
fix_list = ["ra", "dec", "psi", "geocent_time"]

