[setting]
event_name = pp_one_mode_98
comment = test, parameters are set to be like GR 220
mode_number = one_mode

[injection_parameters]
a1 = 6.217615384163873
alpha = 0.42384011949456735
f1 = 95.54027630895946
f2 = 495.8651171470777
tau1 = -0.03242836533154845
tau2 = -0.010066192498153409
phi1 = 0.7330119942574123
phi2 = -2.628459058462809
ra = 0.0
dec = 0.0
psi = 0.0
geocent_time = 0.0

[waveform_arguments]
reference_frequency = 50
minimum_frequency = 20
maximum_frequency = 512

[other_parameters]
duration = 0.5
sampling_frequency = 4096.0
post_trigger_duration = 0.25

[fix_parameters]
fix_list = ["ra", "dec", "psi", "geocent_time"]

