[setting]
event_name = pp_one_mode_27
comment = test, parameters are set to be like GR 220
mode_number = one_mode

[injection_parameters]
a1 = 5.088180844328739
alpha = -0.15779537973170776
f1 = 304.252429520195
f2 = 423.07676017111544
tau1 = -0.025234126179895257
tau2 = -0.03432972158192743
phi1 = -0.1490048268221078
phi2 = 1.2564495652597767
ra = 0.0
dec = 0.0
psi = 0.0
geocent_time = 0.0

[waveform_arguments]
reference_frequency = 50
minimum_frequency = 20
maximum_frequency = 512

[other_parameters]
duration = 0.5
sampling_frequency = 4096.0
post_trigger_duration = 0.25

[fix_parameters]
fix_list = ["ra", "dec", "psi", "geocent_time"]

