[setting]
event_name = pp_one_mode_34
comment = test, parameters are set to be like GR 220
mode_number = one_mode

[injection_parameters]
a1 = 3.3664412238318495
alpha = 0.6453003683044787
f1 = 364.71701136012075
f2 = 143.67744130699998
tau1 = -0.006971691646424243
tau2 = -0.007743890157123637
phi1 = 1.6344229367853709
phi2 = -2.1243017243465947
ra = 0.0
dec = 0.0
psi = 0.0
geocent_time = 0.0

[waveform_arguments]
reference_frequency = 50
minimum_frequency = 20
maximum_frequency = 512

[other_parameters]
duration = 0.5
sampling_frequency = 4096.0
post_trigger_duration = 0.25

[fix_parameters]
fix_list = ["ra", "dec", "psi", "geocent_time"]

