[setting]
event_name = pp_one_mode_63
comment = test, parameters are set to be like GR 220
mode_number = one_mode

[injection_parameters]
a1 = 0.29735373018320516
alpha = 0.16019288671611887
f1 = 290.6660418333935
f2 = 339.28064800581694
tau1 = -0.03866572278703804
tau2 = -0.04469179731037923
phi1 = -1.2662543040809047
phi2 = 0.509887110645658
ra = 0.0
dec = 0.0
psi = 0.0
geocent_time = 0.0

[waveform_arguments]
reference_frequency = 50
minimum_frequency = 20
maximum_frequency = 512

[other_parameters]
duration = 0.5
sampling_frequency = 4096.0
post_trigger_duration = 0.25

[fix_parameters]
fix_list = ["ra", "dec", "psi", "geocent_time"]

