[setting]
event_name = pp_one_mode_47
comment = test, parameters are set to be like GR 220
mode_number = one_mode

[injection_parameters]
a1 = 0.10396776065393366
alpha = 0.6343964677705036
f1 = 250.8096398384155
f2 = 468.08454967436205
tau1 = -0.004562589547128397
tau2 = -0.0466058779624889
phi1 = 1.4991401316822062
phi2 = -1.0200545738659827
ra = 0.0
dec = 0.0
psi = 0.0
geocent_time = 0.0

[waveform_arguments]
reference_frequency = 50
minimum_frequency = 20
maximum_frequency = 512

[other_parameters]
duration = 0.5
sampling_frequency = 4096.0
post_trigger_duration = 0.25

[fix_parameters]
fix_list = ["ra", "dec", "psi", "geocent_time"]

