[setting]
event_name = pp_one_mode_21
comment = test, parameters are set to be like GR 220
mode_number = one_mode

[injection_parameters]
a1 = 2.3156454432459004
alpha = 0.5901585925325825
f1 = 330.4137658475348
f2 = 418.74212309130775
tau1 = -0.029575554544433905
tau2 = -0.032296268648116105
phi1 = 2.289052904710089
phi2 = -0.2307201646925261
ra = 0.0
dec = 0.0
psi = 0.0
geocent_time = 0.0

[waveform_arguments]
reference_frequency = 50
minimum_frequency = 20
maximum_frequency = 512

[other_parameters]
duration = 0.5
sampling_frequency = 4096.0
post_trigger_duration = 0.25

[fix_parameters]
fix_list = ["ra", "dec", "psi", "geocent_time"]

