[setting]
event_name = pp_one_mode_62
comment = test, parameters are set to be like GR 220
mode_number = one_mode

[injection_parameters]
a1 = 41.57044478331742
alpha = 0.9733400911537571
f1 = 388.3198902121287
f2 = 341.85037278872915
tau1 = -0.015945059780732226
tau2 = -0.004149167673297698
phi1 = 1.9887404175110843
phi2 = -0.3604256157719763
ra = 0.0
dec = 0.0
psi = 0.0
geocent_time = 0.0

[waveform_arguments]
reference_frequency = 50
minimum_frequency = 20
maximum_frequency = 512

[other_parameters]
duration = 0.5
sampling_frequency = 4096.0
post_trigger_duration = 0.25

[fix_parameters]
fix_list = ["ra", "dec", "psi", "geocent_time"]

