[setting]
event_name = pp_one_mode_26
comment = test, parameters are set to be like GR 220
mode_number = one_mode

[injection_parameters]
a1 = 0.014880586869118502
alpha = 0.7868639154810817
f1 = 313.16924974289884
f2 = 207.0914853061802
tau1 = -0.049537732621356204
tau2 = -0.02385066779159426
phi1 = -2.2733358759740003
phi2 = -2.54375027374212
ra = 0.0
dec = 0.0
psi = 0.0
geocent_time = 0.0

[waveform_arguments]
reference_frequency = 50
minimum_frequency = 20
maximum_frequency = 512

[other_parameters]
duration = 0.5
sampling_frequency = 4096.0
post_trigger_duration = 0.25

[fix_parameters]
fix_list = ["ra", "dec", "psi", "geocent_time"]

