[setting]
event_name = pp_one_mode_40
comment = test, parameters are set to be like GR 220
mode_number = one_mode

[injection_parameters]
a1 = 10.817986583550084
alpha = 0.3511733484561723
f1 = 74.13654151685893
f2 = 27.528501488333017
tau1 = -0.0416679387962603
tau2 = -0.04288296331526355
phi1 = 1.083358941145355
phi2 = 2.6563837088189963
ra = 0.0
dec = 0.0
psi = 0.0
geocent_time = 0.0

[waveform_arguments]
reference_frequency = 50
minimum_frequency = 20
maximum_frequency = 512

[other_parameters]
duration = 0.5
sampling_frequency = 4096.0
post_trigger_duration = 0.25

[fix_parameters]
fix_list = ["ra", "dec", "psi", "geocent_time"]

