[setting]
event_name = pp_one_mode_33
comment = test, parameters are set to be like GR 220
mode_number = one_mode

[injection_parameters]
a1 = 0.08234926151757055
alpha = -0.30994272281082047
f1 = 203.42677793899702
f2 = 306.5884437750632
tau1 = -0.011219959412241215
tau2 = -0.014090654469155278
phi1 = 1.5644502967708398
phi2 = 2.7863303293107284
ra = 0.0
dec = 0.0
psi = 0.0
geocent_time = 0.0

[waveform_arguments]
reference_frequency = 50
minimum_frequency = 20
maximum_frequency = 512

[other_parameters]
duration = 0.5
sampling_frequency = 4096.0
post_trigger_duration = 0.25

[fix_parameters]
fix_list = ["ra", "dec", "psi", "geocent_time"]

