[setting]
event_name = pp_one_mode_76
comment = test, parameters are set to be like GR 220
mode_number = one_mode

[injection_parameters]
a1 = 11.710695994438215
alpha = 0.7073884358893381
f1 = 411.13353483215434
f2 = 328.33197471901724
tau1 = -0.012630453683417309
tau2 = -0.016390718708387833
phi1 = 2.8242529377511056
phi2 = -2.0772854814716566
ra = 0.0
dec = 0.0
psi = 0.0
geocent_time = 0.0

[waveform_arguments]
reference_frequency = 50
minimum_frequency = 20
maximum_frequency = 512

[other_parameters]
duration = 0.5
sampling_frequency = 4096.0
post_trigger_duration = 0.25

[fix_parameters]
fix_list = ["ra", "dec", "psi", "geocent_time"]

