[setting]
event_name = pp_one_mode_45
comment = test, parameters are set to be like GR 220
mode_number = one_mode

[injection_parameters]
a1 = 1.001348359655059
alpha = 0.16067973512370615
f1 = 122.41802060211263
f2 = 384.1604377916386
tau1 = -0.041988844299140876
tau2 = -0.02265800566214232
phi1 = -0.5566427814977017
phi2 = -0.5490959669040181
ra = 0.0
dec = 0.0
psi = 0.0
geocent_time = 0.0

[waveform_arguments]
reference_frequency = 50
minimum_frequency = 20
maximum_frequency = 512

[other_parameters]
duration = 0.5
sampling_frequency = 4096.0
post_trigger_duration = 0.25

[fix_parameters]
fix_list = ["ra", "dec", "psi", "geocent_time"]

