[setting]
event_name = pp_one_mode_7
comment = test, parameters are set to be like GR 220
mode_number = one_mode

[injection_parameters]
a1 = 25.895611494079436
alpha = 0.49999477253620905
f1 = 274.6781233317258
f2 = 490.2250980957689
tau1 = -0.008403580023826747
tau2 = -0.03617755881012787
phi1 = 1.6324102173752628
phi2 = -0.8706174154737845
ra = 0.0
dec = 0.0
psi = 0.0
geocent_time = 0.0

[waveform_arguments]
reference_frequency = 50
minimum_frequency = 20
maximum_frequency = 512

[other_parameters]
duration = 0.5
sampling_frequency = 4096.0
post_trigger_duration = 0.25

[fix_parameters]
fix_list = ["ra", "dec", "psi", "geocent_time"]

