[setting]
event_name = pp_one_mode_6
comment = test, parameters are set to be like GR 220
mode_number = one_mode

[injection_parameters]
a1 = 0.02816963645428088
alpha = 0.722514788072431
f1 = 40.503299836011536
f2 = 416.479005667665
tau1 = -0.03242815842987797
tau2 = -0.023055871222319203
phi1 = -2.627526286724264
phi2 = -0.27821949028986515
ra = 0.0
dec = 0.0
psi = 0.0
geocent_time = 0.0

[waveform_arguments]
reference_frequency = 50
minimum_frequency = 20
maximum_frequency = 512

[other_parameters]
duration = 0.5
sampling_frequency = 4096.0
post_trigger_duration = 0.25

[fix_parameters]
fix_list = ["ra", "dec", "psi", "geocent_time"]

