[setting]
event_name = pp_one_mode_78
comment = test, parameters are set to be like GR 220
mode_number = one_mode

[injection_parameters]
a1 = 26.65595148919502
alpha = 0.995061744840146
f1 = 446.6160332680728
f2 = 468.90567357703554
tau1 = -0.012268980384770603
tau2 = -0.03771220990720274
phi1 = -2.265226111186972
phi2 = -2.8332449907710124
ra = 0.0
dec = 0.0
psi = 0.0
geocent_time = 0.0

[waveform_arguments]
reference_frequency = 50
minimum_frequency = 20
maximum_frequency = 512

[other_parameters]
duration = 0.5
sampling_frequency = 4096.0
post_trigger_duration = 0.25

[fix_parameters]
fix_list = ["ra", "dec", "psi", "geocent_time"]

