[setting]
event_name = pp_one_mode_42
comment = test, parameters are set to be like GR 220
mode_number = one_mode

[injection_parameters]
a1 = 48.04752519534053
alpha = 0.11179813462602262
f1 = 369.3163645504422
f2 = 275.69763654614985
tau1 = -0.007073587454229237
tau2 = -0.013481215318067556
phi1 = -1.4971142255418481
phi2 = -1.8673091945843714
ra = 0.0
dec = 0.0
psi = 0.0
geocent_time = 0.0

[waveform_arguments]
reference_frequency = 50
minimum_frequency = 20
maximum_frequency = 512

[other_parameters]
duration = 0.5
sampling_frequency = 4096.0
post_trigger_duration = 0.25

[fix_parameters]
fix_list = ["ra", "dec", "psi", "geocent_time"]

