[setting]
event_name = pp_one_mode_18
comment = test, parameters are set to be like GR 220
mode_number = one_mode

[injection_parameters]
a1 = 2.4109282569850388
alpha = 0.8210675965504302
f1 = 118.2156802221776
f2 = 68.98135296958779
tau1 = -0.030161866793490894
tau2 = -0.04140050699496349
phi1 = 2.6833337891800157
phi2 = -1.3670955991862273
ra = 0.0
dec = 0.0
psi = 0.0
geocent_time = 0.0

[waveform_arguments]
reference_frequency = 50
minimum_frequency = 20
maximum_frequency = 512

[other_parameters]
duration = 0.5
sampling_frequency = 4096.0
post_trigger_duration = 0.25

[fix_parameters]
fix_list = ["ra", "dec", "psi", "geocent_time"]

