[setting]
event_name = pp_one_mode_54
comment = test, parameters are set to be like GR 220
mode_number = one_mode

[injection_parameters]
a1 = 38.28654237723209
alpha = -0.041164027398013836
f1 = 409.32170211828463
f2 = 292.6148794082943
tau1 = -0.04441512190285974
tau2 = -0.02114595522503814
phi1 = 1.0171417020144204
phi2 = -1.9130811837888952
ra = 0.0
dec = 0.0
psi = 0.0
geocent_time = 0.0

[waveform_arguments]
reference_frequency = 50
minimum_frequency = 20
maximum_frequency = 512

[other_parameters]
duration = 0.5
sampling_frequency = 4096.0
post_trigger_duration = 0.25

[fix_parameters]
fix_list = ["ra", "dec", "psi", "geocent_time"]

