[setting]
event_name = pp_one_mode_65
comment = test, parameters are set to be like GR 220
mode_number = one_mode

[injection_parameters]
a1 = 0.05145064191411259
alpha = -0.8594424736673041
f1 = 464.06357677916867
f2 = 40.18688062027156
tau1 = -0.03293803100542149
tau2 = -0.034105611093666784
phi1 = 0.6894028699163188
phi2 = -0.7294593048506535
ra = 0.0
dec = 0.0
psi = 0.0
geocent_time = 0.0

[waveform_arguments]
reference_frequency = 50
minimum_frequency = 20
maximum_frequency = 512

[other_parameters]
duration = 0.5
sampling_frequency = 4096.0
post_trigger_duration = 0.25

[fix_parameters]
fix_list = ["ra", "dec", "psi", "geocent_time"]

